1708377888104 0.003878073471415205 0
1708377891430 0.0038784124131775134 1
1708377894437 0.0038782507703510206 2
1708377898341 0.0038776562841189703 3
1708377903773 0.003878015248572213 4
1708377907475 0.0038799798913865557 5
1708377911225 0.003881192511112312 6
1708377914864 0.0038815372909855243 7
1708377918866 0.0038828982804568076 8
1708377922489 0.003883599274702275 9
1708377926584 0.003884118275357052 10
1708377930320 0.003885178071171175 11
1708377934424 0.0038855267573155725 12
1708377938288 0.00388587599344994 13
1708377942286 0.0038876186526414737 14
1708377946027 0.0038879730181040624 15
1708377950078 0.003888327951286685 16
1708377954011 0.0038886834676906488 17
1708377957631 0.0038903678883687805 18
1708377961737 0.0038916611857651 19
1708377965537 0.0038925744979528302 20
1708377969760 0.0038933677071829632 21
1708377973504 0.003894141929946658 22
1708377977932 0.003895993050085956 23
1708377981867 0.0038975436398712366 24
1708377985671 0.003897907309136132 25
1708377989697 0.003898271323311062 26
1708377993518 0.0038996393056742384 27
1708377997909 0.003900470049975149 28
1708378000864 0.0039008376951607175 29
1708378004232 0.003901205678603766 30
1708378007901 0.0039024716129737766 31
1708378011397 0.003902841005151293 32
1708378015431 0.0039032107348890457 33
1708378019923 0.0039042373938531797 34
1708378024052 0.0039051174182456808 35
1708378028729 0.003905853600592277 36
1708378031682 0.003906230083887316 37
1708378034639 0.003906922301508429 38
1708378037582 0.0039073004189214425 39
1708378040779 0.003909051883226247 40
1708378044057 0.003909433186623691 41
1708378047831 0.003910752488615032 42
1708378051407 0.00391230075616015 43
1708378054378 0.003914048015513311 44
1708378057409 0.0039144356440611585 45
1708378060474 0.00391503944930922 46
1708378063463 0.0039152872613212935 47
1708378066354 0.003915678564143255 48
1708378069513 0.003916633435608754 49
