1708377888104 0.28678403393641294 0
1708377891430 0.2867627162765901 1
1708377894437 0.2867355441052306 2
1708377898341 0.28671419364963124 3
1708377903773 0.2866870126614908 4
1708377907475 0.2866656129720021 5
1708377911225 0.28663838825955945 6
1708377914864 0.2866169561608312 7
1708377918866 0.2865897005315264 8
1708377922489 0.28656822172302265 9
1708377926584 0.2865409360653577 10
1708377930320 0.28651942009248726 11
1708377934424 0.2864921084093556 12
1708377938288 0.28647056467594284 13
1708377942286 0.28644321169755627 14
1708377946027 0.286421618167779 15
1708377950078 0.28639424958294124 16
1708377954011 0.28637262996208745 17
1708377957631 0.2863452255164468 18
1708377961737 0.28632355711118374 19
1708377965537 0.2862961175255899 20
1708377969760 0.2862744129799298 21
1708377973504 0.28624694123494854 22
1708377977932 0.28622517941268383 23
1708377981867 0.28619765690505167 24
1708377985671 0.2861758517618113 25
1708377989697 0.2861483114928108 26
1708377993518 0.2861264701482729 27
1708377997909 0.2860988914687572 28
1708378000864 0.2860770074392757 29
1708378004232 0.2860494130802327 30
1708378007901 0.28602749713312775 31
1708378011397 0.2859998784407375 32
1708378015431 0.28597793369439456 33
1708378019923 0.28595028347035795 34
1708378024052 0.28592829039630574 35
1708378028729 0.2859006119101285 36
1708378031682 0.2858785824444267 37
1708378034639 0.28585088003607817 38
1708378037582 0.2858288146879596 39
1708378040779 0.28580107011740374 40
1708378044057 0.28577894756423716 41
1708378047831 0.2857511701052003 42
1708378051407 0.2857289866138994 43
1708378054378 0.2857011550391266 44
1708378057409 0.2856789224890618 45
1708378060474 0.28565106770430243 46
1708378063463 0.28562879809848807 47
1708378066354 0.2856009213473929 48
1708378069513 0.28557862096218256 49
