1708377125809 0.00400947752613793 0
1708377128872 0.004009905885463008 1
1708377131975 0.004011874757400571 2
1708377135056 0.004013595288984616 3
1708377138263 0.004014497025817877 4
1708377141127 0.004014933466973295 5
1708377144188 0.0040152082363189975 6
1708377148580 0.0040162429767065504 7
1708377153083 0.004016683053842196 8
1708377157718 0.004017123475939076 9
1708377162719 0.004018542975093517 10
1708377167138 0.004018986022920746 11
1708377171966 0.0040194294088213844 12
1708377176085 0.004019873133704745 13
1708377180385 0.004020317194741436 14
1708377184893 0.004020761592895472 15
1708377189254 0.004021739325415444 16
1708377193447 0.004022186040944626 17
1708377197976 0.004023790782034753 18
1708377202454 0.0040255398968584285 19
1708377206544 0.0040259900377582515 20
1708377210186 0.004026687451171622 21
1708377213565 0.004027790840235309 22
1708377216910 0.004028242740010977 23
1708377219806 0.004028968934867129 24
1708377222775 0.004029422586541021 25
1708377226085 0.004029876569130918 26
1708377229153 0.0040303308841139725 27
1708377232475 0.004031379293722925 28
1708377235841 0.004031835447563182 29
1708377239037 0.00403263141658793 30
1708377242538 0.004033726317572761 31
1708377245756 0.004035136179694097 32
1708377249050 0.004035595894896387 33
1708377252030 0.004036726192926357 34
1708377254898 0.0040371863378004975 35
1708377257853 0.004037646802595438 36
1708377260853 0.004038557109294841 37
1708377263853 0.004038996320571373 38
1708377266665 0.004040233478694535 39
1708377269560 0.004040697190425469 40
1708377272610 0.00404116122117204 41
1708377275761 0.004041745458351297 42
1708377278904 0.004042210634273179 43
1708377282080 0.004043182637634937 44
1708377285049 0.004043648763926703 45
1708377288096 0.004044115203700268 46
1708377291612 0.004044581958900966 47
1708377294736 0.004045196548125942 48
1708377297987 0.004045664371780851 49
