1708377125809 0.2852601401891716 0
1708377128872 0.28523946338138306 1
1708377131975 0.28521109167347775 2
1708377135056 0.28519033427865464 3
1708377138263 0.2851619173182425 4
1708377141127 0.2851411258170116 5
1708377144188 0.28511268849416055 6
1708377148580 0.2850918577107997 7
1708377153083 0.2850633971907381 8
1708377157718 0.2850425395117724 9
1708377162719 0.285014045583841 10
1708377167138 0.28499315344913884 11
1708377171966 0.2849646411630759 12
1708377176085 0.28494372520660727 13
1708377180385 0.2849151945801504 14
1708377184893 0.2848942504147344 15
1708377189254 0.2848656912767748 16
1708377193447 0.2848447129480242 17
1708377197976 0.28481611062651285 18
1708377202454 0.2847950729610722 19
1708377206544 0.2847664379624048 20
1708377210186 0.2847453698622424 21
1708377213565 0.28471670316883047 22
1708377216910 0.2846955981515286 23
1708377219806 0.28466690366859515 24
1708377222775 0.284645759852448 25
1708377226085 0.2846170469349 26
1708377229153 0.2845958761596128 27
1708377232475 0.2845671310157527 28
1708377235841 0.2845459165027415 29
1708377239037 0.2845171466482623 30
1708377242538 0.2844958899127535 31
1708377245756 0.28446707500631385 32
1708377249050 0.28444577341893 33
1708377252030 0.28441692911791255 34
1708377254898 0.2843955971573171 35
1708377257853 0.28436673408240204 36
1708377260853 0.28434536895419127 37
1708377263853 0.28431647267258303 38
1708377266665 0.28429505527147203 39
1708377269560 0.2842661293991157 40
1708377272610 0.28424468537724856 41
1708377275761 0.2842157353057915 42
1708377278904 0.28419425644933777 43
1708377282080 0.284165280452045 44
1708377285049 0.2841437727665563 45
1708377288096 0.28411477828432685 46
1708377291612 0.28409324487989235 47
1708377294736 0.2840642275702702 48
1708377297987 0.284042663636508 49
