1708408669052 0.003144394304876269 0
1708408671233 0.019832586156568556 1
1708408673316 0.37245565836744 2
1708408675443 6.447686978734087 3
1708408677528 7.751517177397755 4
1708408679600 8.69422833676036 5
1708408681875 8.350376673522348 6
1708408683991 7.928945447776654 7
1708408686175 7.828932748316335 8
1708408688387 8.160392256387027 9
1708408690663 7.623483994466267 10
1708408692931 7.95242847709296 11
1708408695230 7.765250600016464 12
1708408697266 7.920251290746443 13
1708408699490 7.6681304970660475 14
