1708408669052 0.29733934924930794 0
1708408671233 0.33196207025642466 1
1708408673316 12.248703621561242 2
1708408675443 21.855433800229168 3
1708408677528 29.011753564309117 4
1708408679600 28.29274680502228 5
1708408681875 27.725746058744882 6
1708408683991 32.878116003642404 7
1708408686175 38.806114629749885 8
1708408688387 32.39401345042613 9
1708408690663 41.15123934395904 10
1708408692931 41.569813523595705 11
1708408695230 45.35627312598275 12
1708408697266 46.25553953986252 13
1708408699490 44.19981609287385 14
