1708407358971 0.0030285233546222153 0
1708407377078 0.02242014518483267 1
1708407395457 0.012044332340131947 2
1708407413121 0.006793477501584272 3
1708407430813 0.004335341942258901 4
1708407449651 0.007237730764370756 5
1708407466969 0.004530363538884126 6
1708407485186 0.007722849037367525 7
1708407502628 0.00474728639654672 8
1708407521264 0.008251894529417185 9
1708407539379 0.004987932744199797 10
1708407557252 0.008828101819537578 11
1708407575915 0.00525421687795055 12
1708407594559 0.009455237339822854 13
1708407612988 0.005548864556050288 14
1708407632432 0.010136428801768056 15
1708407650329 0.005872948498681365 16
1708407669210 0.010876027915254046 17
1708407687802 0.006228597711792048 18
1708407706534 0.01167845975002591 19
1708407724936 0.006618671000198861 20
1708407744648 0.01254844554137399 21
1708407762886 0.007045717732790819 22
1708407781739 0.013491219825378055 23
1708407799979 0.007512769497737549 24
1708407818014 0.004659192048211213 25
1708407836279 0.008022561811234879 26
1708407853793 0.004889900805940627 27
1708407872753 0.008577949645600755 28
1708407890478 0.005144434974353494 29
1708407909291 0.009182173914218685 30
1708407926997 0.005425901968518371 31
1708407954634 0.009839130921387 32
1708407976587 0.005736367971072711 33
1708407993803 0.0039025696308852002 34
1708408012949 0.013585697893587623 35
1708408034896 0.007562402517191172 36
1708408053362 0.004686361910315127 37
1708408072781 0.008075646156582194 38
1708408091215 0.004918276305471703 39
1708408110509 0.008634924893917503 40
1708408129394 0.005174921309959662 41
1708408149979 0.009243986330832085 42
1708408168151 0.005458876703089762 43
1708408187119 0.00990587864823994 44
1708408205710 0.005771540770823624 45
1708408222294 0.003922106650326343 46
1708408242146 0.013679891697165368 47
1708408261348 0.007612072586008902 48
1708408278929 0.004713684972330758 49
