1708407358971 0.29832732196537154 0
1708407377078 0.29824136896731873 1
1708407395457 0.29819544365462863 2
1708407413121 0.2981803631233469 3
1708407430813 0.29815862446914826 4
1708407449651 0.29814275795684825 5
1708407466969 0.29812200610495754 6
1708407485186 0.29810520222079995 7
1708407502628 0.2980856348488591 8
1708407521264 0.2980677083324227 9
1708407539379 0.29804955820355555 10
1708407557252 0.2980302906921986 11
1708407575915 0.29801382927500303 12
1708407594559 0.29799295237197104 13
1708407612988 0.29797847711158715 14
1708407632432 0.2979556936967787 15
1708407650329 0.29794358905526336 16
1708407669210 0.29791854365498655 17
1708407687802 0.29790927335815015 18
1708407706534 0.2978815543875347 19
1708407724936 0.2978756389267336 20
1708407744648 0.2978447562162293 21
1708407762886 0.29784280457215245 22
1708407781739 0.2978081762734979 23
1708407799979 0.2977815814673267 24
1708407818014 0.2977718456494213 25
1708407836279 0.29774339838418695 26
1708407853793 0.29773580007636435 27
1708407872753 0.2977052368521523 28
1708407890478 0.2977001195616165 29
1708407909291 0.29766713478907 30
1708407926997 0.2976648636735218 31
1708407954634 0.2976290992719949 32
1708407976587 0.29761537440517255 33
1708407993803 0.2975983841523444 34
1708408012949 0.2975633077774914 35
1708408034896 0.2975364416210332 36
1708408053362 0.2975267124089125 37
1708408072781 0.29749797545035733 38
1708408091215 0.2974904244316031 39
1708408110509 0.2974595485684771 40
1708408129394 0.29745451162543174 41
1708408149979 0.2974211773698395 42
1708408168151 0.2974190255696485 43
1708408187119 0.2973828773907353 44
1708408205710 0.2973690376926342 45
1708408222294 0.29735222520639265 46
1708408242146 0.29731668383303705 47
1708408261348 0.2972895424425244 48
1708408278929 0.2972798066637307 49
