1708408890494 0.003080322634134267 0
1708408892871 0.003081191565604635 1
1708408894977 0.003081773488290581 2
1708408896986 0.0030823556763069533 3
1708408899033 0.0030829381276805874 4
1708408901311 0.003083520845646101 5
1708408903526 0.0030845461613556763 6
1708408905718 0.0030851289254253834 7
1708408907833 0.003085711954539248 8
1708408910021 0.0030862952519554797 9
1708408912166 0.0030868788156513463 10
1708408914438 0.0030877694222740037 11
1708408916569 0.0030883558679702227 12
1708408918803 0.0030897847933017506 13
1708408921090 0.00309037248293192 14
1708408923301 0.003090960444524744 15
1708408925453 0.003091548676004347 16
1708408927585 0.003092137180677875 17
1708408929786 0.0030927259564607237 18
1708408932029 0.0030933150066622217 19
1708408934186 0.003093904329189115 20
1708408936555 0.0030944939273524863 21
1708408939394 0.003095988573430408 22
1708408941608 0.003096579810445898 23
1708408943831 0.0030971713217130257 24
1708408946297 0.0030985890829874465 25
1708408948557 0.0030991816493346476 26
1708408950819 0.0030997744957715853 27
1708408953007 0.003101015363885759 28
1708408955096 0.0031016108672361846 29
1708408957219 0.003102206650874111 30
1708408959543 0.0031039084543088616 31
1708408961866 0.0031052521053878813 32
1708408964180 0.0031058502792912276 33
1708408966401 0.0031077139063603156 34
1708408968572 0.003108313361482778 35
1708408970859 0.0031089130992524743 36
1708408973067 0.003109513123094235 37
1708408975378 0.003110113430751251 38
1708408977556 0.003110714025651403 39
1708408979611 0.003111314905528883 40
1708408981777 0.0031127631621230374 41
1708408983856 0.003113365639653831 42
1708408985952 0.0031139684078194834 43
1708408988174 0.003114571464312112 44
1708408990372 0.0031151748125880095 45
1708408992594 0.0031157784503306803 46
1708408994757 0.003116382380999599 47
1708408996870 0.0031169866022694296 48
1708408998971 0.0031175911176038163 49
1708409001153 0.0031190290109859007 50
1708409003392 0.003119634566939753 51
1708409005632 0.0031218363855069864 52
1708409007846 0.0031228862477752023 53
1708409009905 0.003124355573118474 54
1708409011991 0.0031255847402337626 55
1708409014216 0.0031267839381933183 56
1708409016360 0.003127394403920798 57
1708409018540 0.003128005158196391 58
1708409020988 0.003128616204380164 59
1708409023240 0.003129227540070707 60
1708409025538 0.00312983916863167 61
1708409027790 0.003130451087652627 62
1708409030080 0.003131063300500739 63
1708409032236 0.003132876744711688 64
1708409034630 0.0031334908657742345 65
1708409036873 0.0031341052793093928 66
1708409039187 0.003134719988659839 67
1708409041393 0.0031360540001684335 68
1708409043535 0.0031366692995812196 69
1708409045705 0.003137284891530396 70
1708409047908 0.0031379007793766152 71
1708409050099 0.003138516960665495 72
1708409052290 0.0031397998050275502 73
1708409054556 0.0031404172693594934 74
1708409056930 0.0031410350313566177 75
1708409059073 0.0031416530885543274 76
1708409061264 0.003142271444322594 77
1708409063546 0.003142890096187881 78
1708409065736 0.0031435090475249185 79
1708409067924 0.0031441282958508242 80
1708409070190 0.003144747844545447 81
1708409072396 0.0031464970154633223 82
1708409074516 0.003148030891455011 83
1708409076674 0.003148654011943891 84
1708409078816 0.0031492774359545023 85
1708409080897 0.0031499011609235107 86
1708409083241 0.003150525190274296 87
1708409085476 0.0031516202048226406 88
1708409087793 0.003152245270780221 89
1708409090005 0.00315314497967232 90
1708409092245 0.0031537709006544887 91
1708409094513 0.003155127741442208 92
1708409096718 0.00315575528974901 93
1708409099516 0.0031563831432124415 94
1708409102021 0.003157011305275079 95
1708409104277 0.0031576397733218253 96
1708409106631 0.003158268550800835 97
1708409108788 0.0031588976350871616 98
1708409111223 0.0031595270296346893 99
1708409113841 0.003161390449839429 100
1708409116286 0.0031620220564583783 101
1708409118712 0.003162653971566715 102
1708409121060 0.0031632861986246696 103
1708409123393 0.003163918734976884 104
1708409125935 0.0031645515840898596 105
1708409128271 0.0031659815624256065 106
1708409130731 0.0031676613912639227 107
1708409132799 0.0031682952423145684 108
1708409134967 0.003168929404795767 109
1708409137077 0.0031695638760029276 110
1708409139171 0.0031701986594456586 111
1708409141454 0.0031708337524099734 112
1708409143577 0.0031714691584115956 113
1708409145798 0.0031721048747265987 114
1708409148180 0.0031735568434231812 115
1708409150365 0.0031748720820762807 116
1708409152524 0.0031764588928765046 117
1708409154872 0.003177099185753707 118
1708409157097 0.0031777397794874136 119
1708409159383 0.0031791596758241228 120
1708409161750 0.0031798017212633124 121
1708409164231 0.0031809743213811544 122
1708409166380 0.003183563548138607 123
1708409168563 0.003184709085845848 124
1708409170679 0.003185354292239384 125
1708409172957 0.003185999801703207 126
1708409175238 0.0031866456180238457 127
1708409177564 0.0031872917387517083 128
1708409179830 0.0031879381676594093 129
1708409182266 0.0031885849022672184 130
1708409184684 0.00318923194633555 131
1708409186875 0.0031898792973554706 132
1708409189036 0.0031905269590769554 133
1708409191179 0.00319158146629812 134
1708409193443 0.003193634767369549 135
1708409195657 0.003194285161705375 136
1708409197930 0.0031949358674120912 137
1708409200025 0.0031967564917305194 138
1708409202178 0.003198225260058221 139
1708409204415 0.0031993199980226536 140
1708409206697 0.003199975212149704 141
1708409208931 0.003200630734309905 142
1708409211093 0.0032022495945922035 143
1708409213412 0.0032029059729518574 144
1708409215619 0.003204656459741224 145
1708409217929 0.0032053149206608613 146
1708409220167 0.003205973692317504 147
1708409222340 0.003207461161419298 148
1708409224447 0.0032087707292453196 149
1708409226637 0.003209431249058997 150
1708409228834 0.0032106875310103835 151
1708409231015 0.0032128004244914208 152
1708409233257 0.0032134635883931994 153
1708409235358 0.003214768945711901 154
1708409237516 0.0032164637214274084 155
1708409239731 0.003217129015694722 156
1708409241962 0.0032191916928094436 157
1708409244448 0.003221487652619274 158
1708409246757 0.0032227174759554326 159
1708409248911 0.003223387369795441 160
1708409251196 0.0032240575714504623 161
1708409253482 0.0032256819663170028 162
1708409256258 0.0032263538794832024 163
1708409259308 0.003227026098277864 164
1708409261656 0.0032282333626395977 165
1708409263894 0.003229657910160046 166
1708409266115 0.0032303300164390515 167
1708409269065 0.0032310024234491635 168
1708409271582 0.0032316751345627284 169
1708409274561 0.003232348146999944 170
1708409277735 0.003233283004980064 171
1708409280563 0.0032339562504340395 172
1708409283236 0.0032346298014375033 173
1708409285434 0.0032353036551967303 174
1708409288139 0.0032359778150599858 175
1708409291021 0.00323665227821385 176
1708409293273 0.003238133358996606 177
1708409295527 0.0032388095601660963 178
1708409297748 0.00323948606697793 179
1708409300020 0.00324016287661085 180
1708409302281 0.0032416115543887473 181
1708409304753 0.0032422895695603977 182
1708409306984 0.0032429678892750076 183
1708409309207 0.003243646510664654 184
1708409311489 0.0032443254370671435 185
1708409313587 0.0032455944978795714 186
1708409315722 0.0032467312430106217 187
1708409317772 0.003247412096516304 188
1708409319869 0.0032480932583473427 189
1708409321932 0.003248774725596162 190
1708409324079 0.003249456501590371 191
1708409326346 0.0032515232916842016 192
1708409328471 0.0032526630636216833 193
1708409330828 0.0032543529625770184 194
1708409333067 0.0032554210382496986 195
1708409335496 0.0032572765917855836 196
1708409337744 0.003259109725366763 197
1708409339904 0.0032605043083797857 198
1708409341944 0.0032611912731646915 199
