1708408890494 0.2980623040349439 0
1708408892871 0.29804601159580524 1
1708408894977 0.29802791404113 2
1708408896986 0.2980116085367455 3
1708408899033 0.29799349670585473 4
1708408901311 0.297977177652175 5
1708408903526 0.2979590459792919 6
1708408905718 0.2979427085648499 7
1708408907833 0.29792456259390254 8
1708408910021 0.29790821207805585 9
1708408912166 0.29789004994449975 10
1708408914438 0.29787367956619026 11
1708408916569 0.29785549735251793 12
1708408918803 0.2978391035047081 13
1708408921090 0.2978208999622337 14
1708408923301 0.2978044928871544 15
1708408925453 0.2977862749066926 16
1708408927585 0.297769854588561 17
1708408929786 0.2977516221535353 18
1708408932029 0.2977351885764916 19
1708408934186 0.29771694167019336 20
1708408936555 0.29770049186457975 21
1708408939394 0.2976822191905294 22
1708408941608 0.2976657476153135 23
1708408943831 0.2976474596458312 24
1708408946297 0.29763096515849996 25
1708408948557 0.29761265410553017 26
1708408950819 0.2975961442846637 27
1708408953007 0.29757781049040155 28
1708408955096 0.2975612808401588 29
1708408957219 0.29754293167721985 30
1708408959543 0.29752637475505156 31
1708408961866 0.2975079906124136 32
1708408964180 0.29749141280870695 33
1708408966401 0.29747299993966386 34
1708408968572 0.2974563982548819 35
1708408970859 0.29743797060502086 36
1708408973067 0.2974213553444718 37
1708408975378 0.29740291289624493 38
1708408977556 0.29738628404316386 39
1708408979611 0.2973678249193176 40
1708408981777 0.29735117292440727 41
1708408983856 0.29733269182906386 42
1708408985952 0.2973160261794076 43
1708408988174 0.297297530203843 44
1708408990372 0.2972808508823904 45
1708408992594 0.2972623400086857 46
1708408994757 0.29724564699829586 47
1708408996870 0.29722712120848327 48
1708408998971 0.29721041302197376 49
1708409001153 0.2971918619562668 50
1708409003392 0.29717512831621246 51
1708409005632 0.2971565434145503 52
1708409007846 0.2971397751067653 53
1708409009905 0.2971211585135667 54
1708409011991 0.2971043609148691 55
1708409014216 0.2970857170596024 56
1708409016360 0.29706890098526545 57
1708409018540 0.2970502420105562 58
1708409020988 0.2970334120346993 59
1708409023240 0.29701473792239813 60
1708409025538 0.2969978940277418 61
1708409027790 0.2969792047596681 62
1708409030080 0.2969623452720113 63
1708409032236 0.2969436263375531 64
1708409034630 0.2969267420001329 65
1708409036873 0.29690800783464877 66
1708409039187 0.2968911091366219 67
1708409041393 0.2968723512817731 68
1708409043535 0.2968554316473792 69
1708409045705 0.29683665852085556 70
1708409047908 0.29681972484045077 71
1708409050099 0.2968009353129429 72
1708409052290 0.29678397920675625 73
1708409054556 0.2967651671189525 74
1708409056930 0.2967481969112823 75
1708409059073 0.29672936947524375 76
1708409061264 0.29671238514833437 77
1708409063546 0.2966935423453644 78
1708409065736 0.29667654388137255 79
1708409067924 0.29665768569277223 80
1708409070190 0.29664067092032026 81
1708409072396 0.29662177858236854 82
1708409074516 0.29660472515715425 83
1708409076674 0.2965858101762358 84
1708409078816 0.296568742484889 85
1708409080897 0.29654981198343455 86
1708409083241 0.2965327278103063 87
1708409085476 0.2965137752914682 88
1708409087793 0.29649667092744614 89
1708409090005 0.29647769838321897 90
1708409092245 0.29646057292363115 91
1708409094513 0.29644157546685124 92
1708409096718 0.29642442685360076 93
1708409099516 0.2964054137502116 94
1708409102021 0.2963882507287934 95
1708409104277 0.2963692219593772 96
1708409106631 0.296352044511206 97
1708409108788 0.2963330000562534 98
1708409111223 0.2963158077603487 99
1708409113841 0.2962967325086238 100
1708409116286 0.29627951206941716 101
1708409118712 0.29626042104617895 102
1708409121060 0.296243186078795 103
1708409123393 0.296224079264332 104
1708409125935 0.29620682956698546 105
1708409128271 0.29618769252734606 106
1708409130731 0.29617040367560366 107
1708409132799 0.2961512419349288 108
1708409134967 0.29613393848842606 109
1708409137077 0.29611476088685895 110
1708409139171 0.296097442826747 111
1708409141454 0.2960782493444574 112
1708409143577 0.2960609166517629 113
1708409145798 0.29604170646019373 114
1708409148180 0.2960243437818553 115
1708409150365 0.2960050986208499 116
1708409152524 0.2959877033594057 117
1708409154872 0.29596843075778273 118
1708409157097 0.2959510202545179 119
1708409159383 0.29593172147794544 120
1708409161750 0.29591428511684104 121
1708409164231 0.2958949568486987 122
1708409166380 0.2958774763281287 123
1708409168563 0.29585811008788315 124
1708409170679 0.29584060939161044 125
1708409172957 0.29582122694425156 126
1708409175238 0.29580371130045496 127
1708409177564 0.2957843126261488 128
1708409179830 0.2957667820158562 129
1708409182266 0.2957473670946471 130
1708409184684 0.2957298214988369 131
1708409186875 0.2957103903107265 132
1708409189036 0.29569282714753314 133
1708409191179 0.29567336966313307 134
1708409193443 0.2956557674670507 135
1708409195657 0.29563627943778753 136
1708409197930 0.2956186598072106 137
1708409200025 0.29559913771334173 138
1708409202178 0.2955814770766586 139
1708409204415 0.2955619253232847 140
1708409206697 0.2955442441397652 141
1708409208931 0.2955246732981201 142
1708409211093 0.29550696577353996 143
1708409213412 0.29548736702519346 144
1708409215619 0.2954696278767458 145
1708409217929 0.29545000169198016 146
1708409220167 0.29543224617539743 147
1708409222340 0.2954125917229582 148
1708409224447 0.2953948040305923 149
1708409226637 0.2953751260561068 150
1708409228834 0.2953573115483829 151
1708409231015 0.29533759284423006 152
1708409233257 0.2953197491387522 153
1708409235358 0.29530000257992445 154
1708409237516 0.2952821208563893 155
1708409239731 0.29526234196014234 156
1708409241962 0.2952444210773923 157
1708409244448 0.29522459032273896 158
1708409246757 0.2952066318740931 159
1708409248911 0.29518677835082413 160
1708409251196 0.29516880161790027 161
1708409253482 0.2951489185838234 162
1708409256258 0.295130915718042 163
1708409259308 0.2951110155442795 164
1708409261656 0.29509298634517744 165
1708409263894 0.2950730528171169 166
1708409266115 0.2950550014193341 167
1708409269065 0.2950350507998848 168
1708409271582 0.29501698360112644 169
1708409274561 0.2949970155320815 170
1708409277735 0.29497892753853605 171
1708409280563 0.294958938918065 172
1708409283236 0.29494083509448915 173
1708409285434 0.294920829329914 174
1708409288139 0.29490270965670784 175
1708409291021 0.29488268603544804 176
1708409293273 0.2948645411786984 177
1708409295527 0.29484449218412895 178
1708409297748 0.29482633140540515 179
1708409300020 0.2948062645829912 180
1708409302281 0.29478807912329846 181
1708409304753 0.29476798749785055 182
1708409306984 0.2947497860592929 183
1708409309207 0.2947296771351063 184
1708409311489 0.29471145845795677 185
1708409313587 0.2946913243071963 186
1708409315722 0.29467307687305455 187
1708409317772 0.2946529197358635 188
1708409319869 0.2946346562320734 189
1708409321932 0.2946144817011665 190
1708409324079 0.294596198535069 191
1708409326346 0.2945759865030075 192
1708409328471 0.29455766340761147 193
1708409330828 0.29453741619810525 194
1708409333067 0.2945190615131349 195
1708409335496 0.2944987767071346 196
1708409337744 0.2944803783842092 197
1708409339904 0.29446005581855056 198
1708409341944 0.29444163389972416 199
