1708408713964 0.003022437713422573 0
1708408716333 0.0030229622707343925 1
1708408719424 0.0030234869661046183 2
1708408721940 0.003024011802678974 3
1708408724061 0.0030254183015767035 4
1708408726201 0.0030265938395151845 5
1708408728464 0.003027119552441863 6
1708408730686 0.003027645405937924 7
1708408732818 0.0030289557909929277 8
1708408735138 0.003029481990212151 9
1708408737348 0.003030008328507847 10
1708408739492 0.0030309612016866188 11
1708408741703 0.0030318034366748413 12
1708408743909 0.003032330247813057 13
1708408746069 0.0030333700205025737 14
1708408748264 0.003033897669657594 15
1708408750403 0.003034425455857936 16
1708408752433 0.003035936643954458 17
1708408754656 0.003036465432162366 18
1708408756739 0.0030381850060769086 19
1708408758827 0.0030401480123985374 20
1708408760962 0.0030406790483711644 21
1708408763134 0.003041210222440936 22
1708408765582 0.003041741537637998 23
1708408768001 0.003042272991700693 24
1708408770900 0.0030428045876546533 25
1708408774439 0.0030433363232304374 26
1708408777773 0.0030438682014492474 27
1708408781236 0.003045236732403975 28
1708408785150 0.003045769587172568 29
1708408787788 0.0030463025804360363 30
1708408790586 0.003046835715234382 31
1708408793954 0.0030473689892830383 32
1708408797312 0.0030479024056177264 33
1708408800629 0.0030484359619458445 34
1708408805500 0.003049581418551001 35
1708408808559 0.003050115567575738 36
1708408810826 0.003050649861305962 37
1708408812984 0.0030511842974078256 38
1708408815381 0.003053610640868084 39
1708408818677 0.0030541474398960242 40
1708408822081 0.00305529161147437 41
1708408824617 0.003055829648880053 42
1708408826905 0.003056734992778948 43
1708408829120 0.003057273547809504 44
1708408831364 0.0030583317894580706 45
1708408833541 0.003058870621721868 46
1708408835754 0.0030594096021577385 47
1708408837841 0.0030599487284173016 48
1708408839981 0.003060488003517834 49
