1708408713964 0.29861019703436564 0
1708408716333 0.2985944074313349 1
1708408719424 0.29857695233350884 2
1708408721940 0.2985611485194708 3
1708408724061 0.29854366883893685 4
1708408726201 0.2985278386525107 5
1708408728464 0.2985103410695435 6
1708408730686 0.29849449846863235 7
1708408732818 0.29847697887782315 8
1708408735138 0.2984611163875705 9
1708408737348 0.29844358306504315 10
1708408739492 0.2984277025607617 11
1708408741703 0.2984101479624978 12
1708408743909 0.2983942496923049 13
1708408746069 0.2983766760755035 14
1708408748264 0.29836076088116337 15
1708408750403 0.2983431726133895 16
1708408752433 0.2983272357633657 17
1708408754656 0.2983096243207173 18
1708408756739 0.29829365665313623 19
1708408758827 0.2982760044395744 20
1708408760962 0.2982600117663604 21
1708408763134 0.2982423468027325 22
1708408765582 0.29822634244671037 23
1708408768001 0.29820866472396584 24
1708408770900 0.29819264867676704 25
1708408774439 0.29817495818579337 26
1708408777773 0.29815892780515313 27
1708408781236 0.298141214465603 28
1708408785150 0.2981251650888675 29
1708408787788 0.2981074389422807 30
1708408790586 0.2980913778297058 31
1708408793954 0.29807363886694066 32
1708408797312 0.2980575660101362 33
1708408800629 0.2980398141471892 34
1708408805500 0.2980237224116738 35
1708408808559 0.2980059507824238 36
1708408810826 0.2979898472760903 37
1708408812984 0.29797206229318624 38
1708408815381 0.2979559237698508 39
1708408818677 0.2979381038729027 40
1708408822081 0.2979219441898722 41
1708408824617 0.29790410253837674 42
1708408826905 0.2978879258820277 43
1708408829120 0.2978700669913691 44
1708408831364 0.2978538723763883 45
1708408833541 0.29783599518084775 46
1708408835754 0.2978197886572869 47
1708408837841 0.29780189846924315 48
1708408839981 0.2977856800281519 49
