1708377423656 0.00393579589484468 0
1708377427780 0.003937134531716849 1
1708377431782 0.003938217954851595 2
1708377434648 0.00393981899320107 3
1708377438278 0.003941219582459399 4
1708377443751 0.003941651187717785 5
1708377448901 0.003942618999709582 6
1708377452367 0.003943051602413079 7
1708377455788 0.003943989611875587 8
1708377458837 0.003944426405923684 9
1708377462600 0.00394508796846708 10
1708377466570 0.0039461675955304665 11
1708377469902 0.003947433394498148 12
1708377473426 0.003947874317057021 13
1708377477683 0.003948422064812665 14
1708377481813 0.003948864509607616 15
1708377485907 0.003949307219773851 16
1708377490570 0.003949750198660769 17
1708377495020 0.003950514908205955 18
1708377500347 0.00395123689087095 19
1708377504103 0.003951680560156099 20
1708377507151 0.003952124498670615 21
1708377510300 0.003953612651459614 22
1708377514082 0.003954359886520222 23
1708377518181 0.003956210875124418 24
1708377522646 0.003956657923980128 25
1708377527420 0.003957105228098521 26
1708377532408 0.003959469089887454 27
1708377535786 0.003959918070798899 28
1708377539127 0.003960367312241134 29
1708377543809 0.0039608168117239275 30
1708377547184 0.0039612665726229445 31
1708377550325 0.003961716592441653 32
1708377554491 0.003962166874552422 33
1708377559815 0.003962890032433205 34
1708377565080 0.003963341024731491 35
1708377568145 0.003963792277318514 36
1708377571717 0.003964243793587095 37
1708377575875 0.003965056982322386 38
1708377578993 0.003965509530595606 39
1708377582060 0.003965962340880252 40
1708377585532 0.003966415416588385 41
1708377589420 0.003967258567785746 42
1708377593537 0.003969368226742326 43
1708377597404 0.0039698222640403924 44
1708377602099 0.003970276565116261 45
1708377606436 0.003971414171649442 46
1708377610468 0.003971869361290154 47
1708377614360 0.003973204293938243 48
1708377617970 0.003973661571688455 49
