1708377423656 0.2849308765669834 0
1708377427780 0.2849134443466626 1
1708377431782 0.2848869506935374 2
1708377434648 0.2848694670269656 3
1708377438278 0.28484292434088054 4
1708377443751 0.2848254045146536 5
1708377448901 0.2847988378885342 6
1708377452367 0.28478128614855047 7
1708377455788 0.2847546888702473 8
1708377458837 0.2847370904839977 9
1708377462600 0.2847104685986229 10
1708377466570 0.2846928098604712 11
1708377469902 0.2846661370696029 12
1708377473426 0.2846484208499625 13
1708377477683 0.28462172760285676 14
1708377481813 0.28460398507428947 15
1708377485907 0.2845772761809435 16
1708377490570 0.28455950662801993 17
1708377495020 0.28453277060726306 18
1708377500347 0.2845149624720936 19
1708377504103 0.2844882078039442 20
1708377507151 0.28447037184087287 21
1708377510300 0.28444358297627625 22
1708377514082 0.28442570326121497 23
1708377518181 0.2843988711471276 24
1708377522646 0.2843809532142392 25
1708377527420 0.2843541035476785 26
1708377532408 0.2843361428090854 27
1708377535786 0.2843092581207293 28
1708377539127 0.2842912778300287 29
1708377543809 0.2842643774207539 30
1708377547184 0.284246377594552 31
1708377550325 0.28421946146982485 32
1708377554491 0.28420143855943925 33
1708377559815 0.28417450072312095 34
1708377565080 0.28415645265621103 35
1708377568145 0.2841294991014386 36
1708377571717 0.2841114303547398 37
1708377575875 0.2840844547235823 38
1708377578993 0.28406636011101516 39
1708377582060 0.2840393687515633 40
1708377585532 0.2840212541020119 41
1708377589420 0.28399423902417853 42
1708377593537 0.28397608078172837 43
1708377597404 0.28394903506503155 44
1708377602099 0.28393085357142034 45
1708377606436 0.2839037792422187 46
1708377610468 0.28388555983864877 47
1708377614360 0.2838584516546163 48
1708377617970 0.2838401916262995 49
