1708380287088 0.004044520551410757 0
1708380290251 0.0040458170743167465 1
1708380293628 0.004046657546567605 2
1708380296652 0.004047385740562912 3
1708380299832 0.004049792856952791 4
1708380303850 0.004050354217542817 5
1708380308376 0.004051177004492807 6
1708380312734 0.0040517398796623225 7
1708380317323 0.004053065463146754 8
1708380321833 0.004054129828744623 9
1708380325221 0.004054694540906946 10
1708380328622 0.004056137471387462 11
1708380332184 0.004056705126392217 12
1708380335798 0.004058887840123525 13
1708380338647 0.004060478450713541 14
1708380341784 0.004061052085376106 15
1708380344836 0.004062217683920252 16
1708380347747 0.00406279336992884 17
1708380350780 0.0040634479149404094 18
1708380353717 0.004064294640640011 19
1708380356642 0.004065710288554924 20
1708380359879 0.004066287928580235 21
1708380362962 0.004068068635786125 22
1708380365818 0.004069831564385571 23
1708380368611 0.004071272896040901 24
1708380371532 0.004071853808389204 25
1708380374571 0.004073788233139767 26
1708380377767 0.004075017800268694 27
1708380380928 0.004075923612975796 28
1708380383712 0.00407787042359191 29
1708380386914 0.004078549106519091 30
1708380389726 0.004079889385781373 31
1708380392607 0.004080479457477662 32
1708380395602 0.004081069760187153 33
1708380398522 0.0040819546784952665 34
1708380401519 0.004083364026823503 35
1708380404466 0.004084451233203899 36
1708380407561 0.0040850449762325535 37
1708380410424 0.004086603661482594 38
1708380413300 0.004087198124093924 39
1708380416250 0.00408813014957538 40
1708380419380 0.004088725554909822 41
1708380422361 0.004089321196294242 42
1708380425348 0.004090495849563136 43
1708380428252 0.004091091961043071 44
1708380431451 0.004091688308088986 45
1708380434769 0.00409298590074377 46
1708380438000 0.004093974411366269 47
1708380441311 0.004095659625583147 48
1708380444414 0.0040962584621404285 49
