1708380287088 0.2850429442167447 0
1708380290251 0.28502098792699376 1
1708380293628 0.2849918267980822 2
1708380296652 0.28496981817515027 3
1708380299832 0.28494059981841363 4
1708380303850 0.28491854459953275 5
1708380308376 0.2848892992694072 6
1708380312734 0.2848672110425207 7
1708380317323 0.28483792993457363 8
1708380321833 0.2848157931088205 9
1708380325221 0.28478648148170294 10
1708380328622 0.2847643022390641 11
1708380332184 0.2847349552880256 12
1708380335798 0.28471271474181226 13
1708380338647 0.28468330170014683 14
1708380341784 0.2846610017261917 15
1708380344836 0.28463155549386315 16
1708380347747 0.28460921372622855 17
1708380350780 0.28457973659642816 18
1708380353717 0.2845573472261076 19
1708380356642 0.2845278291974506 20
1708380359879 0.2845053947961057 21
1708380362962 0.28447583176379837 22
1708380365818 0.2844533284539056 23
1708380368611 0.28442370955584373 24
1708380371532 0.2844011564303248 25
1708380374571 0.2843714896563658 26
1708380377767 0.2843488751865787 27
1708380380928 0.2843191727518504 28
1708380383712 0.2842965032089341 29
1708380386914 0.2842667507076111 30
1708380389726 0.28424402876412647 31
1708380392607 0.284214245861593 32
1708380395602 0.28419149278811334 33
1708380398522 0.28416167874218834 34
1708380401519 0.2841388788034537 35
1708380404466 0.28410902567636104 36
1708380407561 0.2840861878511514 37
1708380410424 0.2840562971841367 38
1708380413300 0.28403341665179405 39
1708380416250 0.28400349219109894 40
1708380419380 0.2839805673592757 41
1708380422361 0.28395062031027934 42
1708380425348 0.28392766100051364 43
1708380428252 0.283897684976784 44
1708380431451 0.2838746922309503 45
1708380434769 0.2838446740731352 46
1708380438000 0.28382162309449316 47
1708380441311 0.28379156027217406 48
1708380444414 0.2837684589229931 49
