1708382326483 0.0030219180367739777 0
1708382336000 0.023601990370815916 1
1708382345457 0.013487422951179788 2
1708382354876 0.007949693812101226 3
1708382363490 0.005062539916339237 4
1708382372763 0.009316563655509485 5
1708382381093 0.005753496494316967 6
1708382390489 0.010978492554083 7
1708382398746 0.006616758597758241 8
1708382408042 0.012989684743661727 9
1708382417205 0.007683973428047552 10
1708382426146 0.004932648776193891 11
1708382436063 0.008991725819802137 12
1708382445861 0.005589008502535923 13
1708382453375 0.0039416621354018445 14
1708382462659 0.014445527610191957 15
1708382471896 0.008467925797740467 16
1708382481581 0.005325408479231991 17
1708382490851 0.009946332141144333 18
1708382500587 0.006080894507328656 19
1708382508765 0.004169010667639175 20
1708382518739 0.016075718894071778 21
1708382528038 0.00935267062221105 22
1708382538135 0.0057770405453716105 23
1708382546462 0.004032234251707385 24
1708382556119 0.015061938136743917 25
1708382565733 0.008803045862590531 26
1708382575099 0.005498318236222712 27
1708382582499 0.003908379534923891 28
1708382591608 0.014116460870430869 29
1708382601036 0.008293485886997862 30
1708382610246 0.005243154242028367 31
1708382619967 0.009732314172853833 32
1708382628920 0.0059745921650890665 33
1708382635968 0.004126901630937558 34
1708382645541 0.015703547282158878 35
1708382655993 0.009153518616805087 36
1708382665375 0.005680622263022223 37
1708382679184 0.003995820812706176 38
1708382693082 0.01471468317193861 39
1708382707127 0.008618380790145257 40
1708382719410 0.005410291348477058 41
1708382731184 0.01012631340015687 42
1708382741879 0.006182750448302512 43
1708382750439 0.0042276463538437285 44
1708382759682 0.0071425980602314336 45
1708382768098 0.0046832553202271095 46
1708382781788 0.008324496658561971 47
1708382792674 0.005265157033978202 48
1708382804626 0.009768242612801736 49
