1708382326483 0.2982541428909211 0
1708382336000 0.2981654285235831 1
1708382345457 0.29811280822255404 2
1708382354876 0.2980962250164 3
1708382363490 0.29807939718723525 4
1708382372763 0.2980598848819899 5
1708382381093 0.2980483489574568 6
1708382390489 0.29802439505003825 7
1708382398746 0.2980207229576819 8
1708382408042 0.29799011177232587 9
1708382417205 0.2979630699256361 10
1708382426146 0.2979575379664494 11
1708382436063 0.2979256893630423 12
1708382445861 0.2979125265376032 13
1708382453375 0.29790083495645925 14
1708382462659 0.2978645218757774 15
1708382471896 0.2978346158500795 16
1708382481581 0.29783323775461457 17
1708382490851 0.2977974622476338 18
1708382500587 0.2977837069994622 19
1708382508765 0.29778276068146164 20
1708382518739 0.2977391967299399 21
1708382528038 0.297705819332831 22
1708382538135 0.2976923826979266 23
1708382546462 0.2976842709981057 24
1708382556119 0.2976452796427678 25
1708382565733 0.29761401940066806 26
1708382575099 0.2976008393532324 27
1708382582499 0.29758650889300586 28
1708382591608 0.2975514598645003 29
1708382601036 0.29752206678424037 30
1708382610246 0.2975194535186477 31
1708382619967 0.29748443406212155 32
1708382628920 0.2974706972973804 33
1708382635968 0.29746653625538866 34
1708382645541 0.29742461315880375 35
1708382655993 0.2973918783901181 36
1708382665375 0.2973784280163117 37
1708382679184 0.29736744151443995 38
1708382693082 0.2973298708583175 39
1708382707127 0.29729916553956237 40
1708382719410 0.29729817881080195 41
1708382731184 0.2972613976951556 42
1708382741879 0.29724733576573104 43
1708382750439 0.2972244601669554 44
1708382759682 0.2972090255212749 45
1708382768098 0.29718872285093983 46
1708382781788 0.29717114239511894 47
1708382792674 0.29715478633825726 48
1708382804626 0.29713391912027676 49
