1708408610552 0.0030702901905150575 0
1708408612551 0.0030707931529184492 1
1708408614777 0.0030712962235940715 2
1708408616984 0.0030717994066328954 3
1708408619143 0.0030723026997305173 4
1708408621322 0.0030728061069366696 5
1708408623559 0.0030733096259113295 6
1708408625672 0.0030738132606657038 7
1708408627802 0.0030743170088267497 8
1708408630070 0.0030759067934251127 9
1708408632424 0.0030769721237327912 10
1708408634712 0.003077478194188339 11
1708408637001 0.003077984377587045 12
1708408639240 0.0030784906778430717 13
1708408641535 0.0030789970925198134 14
1708408643965 0.0030802331114548045 15
1708408646275 0.003080740065972141 16
1708408648539 0.003081247139528846 17
1708408650909 0.0030829603000998027 18
1708408653173 0.0030840617346504008 19
1708408655519 0.0030845697613761883 20
1708408657828 0.0030854821802832623 21
1708408660083 0.003085990465370275 22
