1708408610552 0.2979481746315039 0
1708408612551 0.2979322066014778 1
1708408614777 0.29791430343521913 2
1708408616984 0.29789832418984374 3
1708408619143 0.2978804086861121 4
1708408621322 0.2978644182193206 5
1708408623559 0.29784649037121586 6
1708408625672 0.29783048867684525 7
1708408627802 0.29781254510896726 8
1708408630070 0.2977965168642531 9
1708408632424 0.29777854419451644 10
1708408634712 0.2977624998714081 11
1708408637001 0.2977445147794775 12
1708408639240 0.29772845915696367 13
1708408641535 0.2977104582970746 14
1708408643965 0.29769438122499814 15
1708408646275 0.2976763619983571 16
1708408648539 0.29766027088315944 17
1708408650909 0.29764222536583146 18
1708408653173 0.2976261077495926 19
1708408655519 0.2976080429623491 20
1708408657828 0.2975919087006644 21
1708408660083 0.2975738262816413 22
