1708406660223 0.003094587890835892 0
1708406677182 0.030202474890755608 1
1708406689239 0.02880177953635163 2
1708406701290 0.027468113107922475 3
1708406713910 0.026198186500602794 4
1708406725726 0.02498842444191223 5
1708406737432 0.023835836677703445 6
1708406749149 0.022737914905674974 7
1708406761026 0.021692425113514064 8
1708406772514 0.020696575126406887 9
1708406784397 0.019748556676297126 10
1708406796756 0.018845843730755714 11
1708406808310 0.017986388586277633 12
1708406820077 0.017168213305152585 13
1708406831488 0.01638943435257255 14
1708406843319 0.01564825805513366 15
1708406855680 0.014942976431035135 16
1708406867591 0.014271770556650673 17
1708406880298 0.013633503007175567 18
1708406892767 0.013026480339427453 19
1708406909369 0.012449071941220736 20
1708406924172 0.011900443386215792 21
1708406938467 0.011379045549431218 22
1708406951996 0.010883666456479533 23
1708406968359 0.010412908967008607 24
1708406981078 0.009965665355862555 25
1708406993222 0.009541658281923882 26
1708407005673 0.009139429933885352 27
1708407017932 0.008757979525903573 28
1708407030548 0.00839638739155987 29
1708407042521 0.008053787788676318 30
1708407055148 0.007729630965343914 31
1708407067274 0.007422584619938576 32
1708407079676 0.007132711328582542 33
1708407091904 0.006858229873948299 34
1708407103787 0.0065989575161015885 35
1708407115952 0.006354409637188868 36
1708407127376 0.006123612944735575 37
1708407139328 0.005906113180709112 38
1708407151272 0.005701321404357582 39
1708407162712 0.005508898483616049 40
1708407175102 0.013803515176607873 41
1708407187305 0.013188642738861233 42
1708407200386 0.012603979364904167 43
1708407212332 0.012048171369300583 44
1708407224669 0.011519929933212483 45
1708407236500 0.01101802755533708 46
1708407249260 0.010541295406411978 47
1708407261230 0.010088764073324374 48
1708407274541 0.009659105250400757 49
