1708406660223 0.29769640796467994 0
1708406677182 0.29768811028644176 1
1708406689239 0.2976245305882663 2
1708406701290 0.2976171725108139 3
1708406713910 0.2975593989837486 4
1708406725726 0.29755257976418087 5
1708406737432 0.29749979706533525 6
1708406749149 0.29749321461593115 7
1708406761026 0.297444743943694 8
1708406772514 0.2974381616393261 9
1708406784397 0.29739341655059814 10
1708406796756 0.29738666594042995 11
1708406808310 0.29734516136315847 12
1708406820077 0.2973381265791591 13
1708406831488 0.2972994397554546 14
1708406843319 0.2972920304087417 15
1708406855680 0.29725579424977416 16
1708406867591 0.29724794317687286 17
1708406880298 0.2972138430061028 18
1708406892767 0.29720551213175184 19
1708406909369 0.2971732784588899 20
1708406924172 0.2971644247757562 21
1708406938467 0.29713383682859457 22
1708406951996 0.2971244741960971 23
1708406968359 0.29709532859820126 24
1708406981078 0.2970854521848785 25
1708406993222 0.29705757066734784 26
1708407005673 0.29704717891690013 27
1708407017932 0.2970204126405707 28
1708407030548 0.29700953663351864 29
1708407042521 0.2969837610610672 30
1708407055148 0.29697241094469584 31
1708407067274 0.2969475026306194 32
1708407079676 0.29693568726029196 33
1708407091904 0.2969115403263264 34
1708407103787 0.2968992999863442 35
1708407115952 0.29687583730432704 36
1708407127376 0.2968631902022039 37
1708407139328 0.29684034196029785 38
1708407151272 0.29682731854288436 39
1708407162712 0.29682372714379524 40
1708407175102 0.2968155199667129 41
1708407187305 0.29678184149983183 42
1708407200386 0.29677314167325436 43
1708407212332 0.29674125628231574 44
1708407224669 0.2967320471465885 45
1708407236500 0.29670173567652924 46
1708407249260 0.2966920112239486 47
1708407261230 0.2966630739469845 48
1708407274541 0.29665282810049387 49
