1708378177114 0.003994276599956942 0
1708378180261 0.003994726774814073 1
1708378183324 0.0039951772583798235 2
1708378186780 0.003995628053480897 3
1708378189922 0.003996079157070876 4
1708378193389 0.0039965305719903 5
1708378197595 0.003997529811315422 6
1708378202214 0.003997982115118138 7
1708378205267 0.0039992367217782905 8
1708378208525 0.0039996884460651435 9
1708378211621 0.004000140449723343 10
1708378217188 0.004001229770734788 11
1708378222365 0.0040019765796246165 12
1708378226669 0.004002430074576657 13
1708378231529 0.004003834719366102 14
1708378236116 0.004004289574127199 15
1708378240685 0.0040066820531363635 16
1708378243936 0.004007138532505438 17
1708378247516 0.004007425722871631 18
1708378252119 0.004009767010075782 19
1708378256494 0.004010874577124027 20
1708378260579 0.004011334218094952 21
1708378264187 0.004011794115375355 22
1708378267649 0.004012254271913655 23
1708378270725 0.004013489955891874 24
1708378273671 0.004013949567672379 25
1708378276757 0.004015006283523462 26
1708378279905 0.004015467061635587 27
1708378283257 0.00401592809220163 28
1708378286590 0.004016389378260416 29
1708378289863 0.004016850917240599 30
1708378293099 0.004017312712202538 31
1708378296530 0.004017774760610534 32
1708378299676 0.0040189569678568664 33
1708378302569 0.004019419752226581 34
1708378305604 0.004021486812909707 35
1708378308848 0.004023479799577534 36
1708378311832 0.004023945566268323 37
1708378314731 0.004023652755981087 38
1708378317560 0.004023797102811761 39
1708378320463 0.004024055018394094 40
1708378323843 0.004024525181914303 41
1708378326892 0.0040250798528084115 42
1708378330127 0.0040255501565917735 43
1708378333151 0.004026020713041718 44
1708378336142 0.004027642414153123 45
1708378339149 0.0040299130033897845 46
1708378342759 0.004030388392001793 47
1708378346424 0.004030864030378937 48
1708378350142 0.004031339921779067 49
