1708378177114 0.2850168932515366 0
1708378180261 0.28499769700614613 1
1708378183324 0.28497001025550867 2
1708378186780 0.2849507918593226 3
1708378189922 0.28492308760636914 4
1708378193389 0.28490384550000375 5
1708378197595 0.28487611426648446 6
1708378202214 0.2848568372883583 7
1708378205267 0.28482907460873214 8
1708378208525 0.284809762737519 9
1708378211621 0.28478198096991153 10
1708378217188 0.28476263441216626 11
1708378222365 0.28473482116550886 12
1708378226669 0.2847154411889148 13
1708378231529 0.284687595933719 14
1708378236116 0.28466817815078216 15
1708378240685 0.284640286731598 16
1708378243936 0.2846208196466639 17
1708378247516 0.28459289432177587 18
1708378252119 0.2845733467234903 19
1708378256494 0.2845453695513746 20
1708378260579 0.2845257820290438 21
1708378264187 0.2844977873622682 22
1708378267649 0.2844781773807412 23
1708378270725 0.28445015329498313 24
1708378273671 0.2844305073495764 25
1708378276757 0.284402455905339 26
1708378279905 0.2843827813580697 27
1708378283257 0.28435471245512167 28
1708378286590 0.28433501605930184 29
1708378289863 0.28430692971003463 30
1708378293099 0.28428721149463176 31
1708378296530 0.28425910764709283 32
1708378299676 0.28423935991902616 33
1708378302569 0.2842112294667533 34
1708378305604 0.2841914316073404 35
1708378308848 0.2841632442329845 36
1708378311832 0.2841434045332041 37
1708378314731 0.28411520017230285 38
1708378317560 0.28409531921800607 39
1708378320463 0.28406710002662144 40
1708378323843 0.284047190170192 41
1708378326892 0.2840189495285564 42
1708378330127 0.2839990093116141 43
1708378333151 0.2839707480499767 44
1708378336142 0.2839507601562812 45
1708378339149 0.2839224355384295 46
1708378342759 0.2839023955013599 47
1708378346424 0.2838740532142243 48
1708378350142 0.2838539883917422 49
